 8346.727899 
 8347.220966 
 8347.714033 
 8348.217627 
 8348.710694 
 8349.203761 
 8349.707355 
 8350.200422 
 8350.693489 
 8351.197082 
 8351.690150 
 8352.183217 
 8352.686810 
 8353.179877 
 8353.672944 
 8354.176538 
 8354.669605 
 8355.162672 
 8355.666266 
 8356.159333 
 8356.652400 
 8357.155994 
 8357.649061 
 8358.142128 
 8358.645721 
 8359.138788 
 8359.631856 
 8360.135449 
 8360.628516 
 8361.121583 
 8361.625177 
 8362.118244 
 8362.611311 
 8363.114905 
 8363.607972 
 8364.101039 
 8364.604632 
 8365.097700 
 8365.590767 
 8366.094360 
 8366.587427 
 8367.080494 
 8367.584088 
 8368.077155 
 8368.570222 
 8369.073816 
 8369.566883 
 8370.059950 
 8370.563544 
 8371.056611 
 8371.549678 
 8372.053271 
 8372.546338 
 8373.039406 
 8373.542999 
 8374.036066 
 8374.529133 
 8375.032727 
 8375.525794 
 8376.018861 
 8376.522455 
 8377.015522 
 8377.508589 
 8378.012182 
 8378.505250 
 8378.998317 
 8379.501910 
 8379.994977 
 8380.488044 
 8380.991638 
 8381.484705 
 8381.977772 
 8382.481366 
 8382.974433 
 8383.467500 
 8383.971094 
 8384.464161 
 8384.957228 
 8385.460821 
 8385.953888 
 8386.446956 
 8386.950549 
 8387.443616 
 8387.936683 
 8388.440277 
 8388.933344 
 8389.426411 
 8389.930005 
 8390.423072 
 8390.916139 
 8391.419732 
 8391.912800 
 8392.405867 
 8392.909460 
 8393.402527 
 8393.895594 
 8394.399188 
 8394.892255 
 8395.385322 
 8395.888916 
 8396.381983 
 8396.875050 
 8397.378644 
 8397.871711 
 8398.364778 
 8398.868371 
 8399.361438 
 8399.854506 
 8400.358099 
 8400.851166 
 8401.344233 
 8401.847827 
 8402.340894 
 8402.833961 
 8403.337555 
 8403.830622 
 8404.323689 
 8404.827282 
 8405.320350 
 8405.813417 
 8406.317010 
 8406.810077 
 8407.303144 
 8407.806738 
 8408.299805 
 8408.792872 
 8409.296466 
 8409.789533 
 8410.282600 
 8410.786194 
 8411.279261 
 8411.772328 
 8412.275921 
 8412.768988 
 8413.262056 
 8413.765649 
 8414.258716 
 8414.751783 
 8415.255377 
 8415.748444 
 8416.241511 
 8416.745105 
 8417.238172 
 8417.731239 
 8418.234832 
 8526.481367 
 8526.984960 
 8527.478027 
 8527.971094 
 8528.474688 
 8528.967755 
 8529.460822 
 8529.964416 
 8530.457483 
 8530.950550 
 8531.454144 
 8531.947211 
 8532.440278 
 8532.943871 
 8533.436938 
 8533.930006 
 8534.433599 
 8534.926666 
 8535.419733 
 8535.923327 
 8536.416394 
 8536.909461 
 8537.413055 
 8537.906122 
 8538.399189 
 8538.902782 
 8539.395850 
 8539.888917 
 8540.392510 
 8540.885577 
 8541.378644 
 8541.882238 
 8542.375305 
 8542.868372 
 8543.371966 
 8543.865033 
 8544.358100 
 8544.861694 
 8545.354761 
 8545.847828 
 8546.351421 
 8546.844488 
 8547.337556 
 8547.841149 
 8548.334216 
 8548.827283 
 8549.330877 
 8549.823944 
 8550.317011 
 8550.820605 
 8551.313672 
 8551.806739 
 8552.310332 
 8552.803400 
 8553.296467 
 8553.800060 
 8554.293127 
 8554.786194 
 8555.289788 
 8555.782855 
 8556.275922 
 8556.779516 
 8557.272583 
 8557.765650 
 8558.269244 
 8558.762311 
 8559.255378 
 8559.758971 
 8560.252038 
 8560.745106 
 8561.248699 
 8561.741766 
 8562.234833 
 8562.738427 
 8563.231494 
 8563.724561 
 8564.228155 
 8564.721222 
 8565.214289 
 8565.717882 
 8566.210950 
 8566.704017 
 8567.207610 
 8567.700677 
 8568.193744 
 8568.697338 
 8569.190405 
 8569.683472 
 8570.187066 
 8570.680133 
 8571.173200 
 8571.676794 
 8572.169861 
 8572.662928 
 8573.166521 
 8573.659588 
 8574.152656 
 8574.656249 
 8575.149316 
 8575.642383 
 8576.145977 
 8576.639044 
 8577.132111 
 8577.635705 
 8578.128772 
 8578.621839 
 8579.125432 
 8579.618500 
 8580.111567 
 8580.615160 
 8581.108227 
 8581.601294 
 8582.104888 
 8582.597955 
 8583.091022 
 8583.594616 
 8584.087683 
 8584.580750 
 8585.084344 
 8585.577411 
 8586.070478 
 8586.574071 
 8587.067138 
 8587.560206 
 8588.063799 
 8588.556866 
 8589.049933 
 8589.553527 
 8590.046594 
 8590.539661 
 8591.043255 
 8591.536322 
 8592.029389 
 8592.532982 
 8593.026050 
 8593.519117 
 8594.022710 
 8594.515777 
 8595.008844 
 8595.512438 
 8596.005505 
 8596.498572 
 8597.002166 
 8597.495233 
 8597.988300 
 8712.204272 
 8712.697339 
 8713.200932 
 8713.694000 
 8714.187067 
 8714.690660 
 8715.183727 
 8715.676794 
 8716.180388 
 8716.673455 
 8717.166522 
 8717.670116 
 8718.163183 
 8718.656250 
 8719.159844 
 8719.652911 
 8720.145978 
 8720.649571 
 8721.142638 
 8721.635706 
 8722.139299 
 8722.632366 
 8723.125433 
 8723.629027 
 8724.122094 
 8724.615161 
 8725.118755 
 8725.611822 
 8726.104889 
 8726.608482 
 8727.101550 
 8727.594617 
 8728.098210 
 8728.591277 
 8729.084344 
 8729.587938 
 8730.081005 
 8730.574072 
 8731.077666 
 8731.570733 
 8732.063800 
 8732.567394 
 8733.060461 
 8733.553528 
 8734.057121 
 8734.550188 
 8735.043256 
 8735.546849 
 8736.039916 
 8736.532983 
 8737.036577 
 8737.529644 
 8738.022711 
 8738.526305 
 8739.019372 
 8739.512439 
 8740.016032 
 8740.509100 
 8741.002167 
 8741.505760 
 8741.998827 
 8742.491894 
 8742.995488 
 8743.488555 
 8743.981622 
 8744.485216 
 8744.978283 
 8745.471350 
 8745.974944 
 8746.468011 
 8746.961078 
 8747.464671 
 8747.957738 
 8748.450806 
 8748.954399 
 8749.447466 
 8749.940533 
 8750.444127 
 8750.937194 
 8751.430261 
 8751.933855 
 8752.426922 
 8752.919989 
 8753.423582 
 8753.916650 
 8754.409717 
 8754.913310 
 8755.406377 
 8755.899444 
 8756.403038 
 8756.896105 
 8757.389172 
 8757.892766 
 8758.385833 
 8758.878900 
 8759.382494 
 8759.875561 
 8760.368628 
 8760.872221 
 8761.365288 
 8761.858356 
 8762.361949 
 8762.855016 
 8763.348083 
 8763.851677 
 8764.344744 
 8764.837811 
 8765.341405 
 8765.834472 
 8766.327539 
 8766.831132 
 8767.324200 
 8767.817267 
 8768.320860 
 8768.813927 
 8769.306994 
 8769.810588 
 8770.303655 
 8770.796722 
 8771.300316 
 8771.793383 
 8772.286450 
 8772.790044 
 8773.283111 
 8773.776178 
 8774.279771 
 8774.772838 
 8775.265906 
 8775.769499 
 8776.262566 
 8776.755633 
 8777.259227 
 8777.752294 
 8778.245361 
 8778.748955 
 8779.242022 
 8779.735089 
 8780.238682 
 8780.731750 
 8781.224817 
 8781.728410 
 8782.221477 
 8782.714544 
 8783.218138 
 8783.711205 
 9622.427944 
 9622.921011 
 9623.424605 
 9623.917672 
 9624.410739 
 9624.914332 
 9625.407400 
 9625.900467 
 9626.404060 
 9626.897127 
 9627.390194 
 9627.893788 
 9628.386855 
 9628.879922 
 9629.383516 
 9629.876583 
 9630.369650 
 9630.873244 
 9631.366311 
 9631.859378 
 9632.362971 
 9632.856038 
 9633.349106 
 9633.852699 
 9634.345766 
 9634.838833 
 9635.342427 
 9635.835494 
 9636.328561 
 9636.832155 
 9637.325222 
 9637.818289 
 9638.321882 
 9638.814950 
 9639.308017 
 9639.811610 
 9640.304677 
 9640.797744 
 9641.301338 
 9641.794405 
 9642.287472 
 9642.791066 
 9643.284133 
 9643.777200 
 9644.280794 
 9644.773861 
 9645.266928 
 9645.770521 
 9646.263588 
 9646.756656 
 9647.260249 
 9647.753316 
 9648.246383 
 9648.749977 
 9649.243044 
 9649.736111 
 9650.239705 
 9650.732772 
 9651.225839 
 9651.729432 
 9652.222500 
 9652.715567 
 9653.219160 
 9653.712227 
 9654.205294 
 9654.708888 
 9655.201955 
 9655.695022 
 9656.198616 
 9656.691683 
 9657.184750 
 9657.688344 
 9658.181411 
 9658.674478 
 9659.178071 
 9659.671138 
 9660.164206 
 9660.667799 
 9661.160866 
 9661.653933 
 9662.157527 
 9662.650594 
 9663.143661 
 9663.647255 
 9664.140322 
 9664.633389 
 9665.136982 
 9665.630050 
 9666.123117 
 9666.626710 
 9667.119777 
 9667.612844 
 9668.116438 
 9668.609505 
 9669.102572 
 9669.606166 
 9670.099233 
 9670.592300 
 9671.095894 
 9671.588961 
 9672.082028 
 9672.585621 
 9673.078688 
 9673.571756 
 9674.075349 
 9674.568416 
 9675.061483 
 9675.565077 
 9676.058144 
 9676.551211 
 9677.054805 
 9677.547872 
 9678.040939 
 9678.544532 
 9679.037600 
 9679.530667 
 9680.034260 
 9680.527327 
 9681.020394 
 9681.523988 
 9682.017055 
 9682.510122 
 9683.013716 
 9683.506783 
 9683.999850 
 9684.503444 
 9684.996511 
 9685.489578 
 9685.993171 
 9686.486238 
 9686.979306 
 9687.482899 
 9687.975966 
 9688.469033 
 9688.972627 
 9689.465694 
 9689.958761 
 9690.462355 
 9690.955422 
 9691.448489 
 9691.952082 
 9692.445150 
 9692.938217 
 9693.441810 
 9693.934877 
 9807.647256 
 9808.150849 
 9808.643916 
 9809.136983 
 9809.640577 
 9810.133644 
 9810.626711 
 9811.130305 
 9811.623372 
 9812.116439 
 9812.620032 
 9813.113100 
 9813.606167 
 9814.109760 
 9814.602827 
 9815.095894 
 9815.599488 
 9816.092555 
 9816.585622 
 9817.089216 
 9817.582283 
 9818.075350 
 9818.578944 
 9819.072011 
 9819.565078 
 9820.068671 
 9820.561738 
 9821.054806 
 9821.558399 
 9822.051466 
 9822.544533 
 9823.048127 
 9823.541194 
 9824.034261 
 9824.537855 
 9825.030922 
 9825.523989 
 9826.027582 
 9826.520650 
 9827.013717 
 9827.517310 
 9828.010377 
 9828.503444 
 9829.007038 
 9829.500105 
 9829.993172 
 9830.496766 
 9830.989833 
 9831.482900 
 9831.986494 
 9832.479561 
 9832.972628 
 9833.476221 
 9833.969288 
 9834.462356 
 9834.965949 
 9835.459016 
 9835.952083 
 9836.455677 
 9836.948744 
 9837.441811 
 9837.945405 
 9838.438472 
 9838.931539 
 9839.435132 
 9839.928200 
 9840.421267 
 9840.924860 
 9841.417927 
 9841.910994 
 9842.414588 
 9842.907655 
 9843.400722 
 9843.904316 
 9844.397383 
 9844.890450 
 9845.394044 
 9845.887111 
 9846.380178 
 9846.883771 
 9847.376838 
 9847.869906 
 9848.373499 
 9848.866566 
 9849.359633 
 9849.863227 
 9850.356294 
 9850.849361 
 9851.352955 
 9851.846022 
 9852.339089 
 9852.842682 
 9853.335750 
 9853.828817 
 9854.332410 
 9854.825477 
 9855.318544 
 9855.822138 
 9856.315205 
 9856.808272 
 9857.311866 
 9857.804933 
 9858.298000 
 9858.801594 
 9859.294661 
 9859.787728 
 9860.291321 
 9860.784388 
 9861.277456 
 9861.781049 
 9862.274116 
 9862.767183 
 9863.270777 
 9863.763844 
 9864.256911 
 9864.760505 
 9865.253572 
 9865.746639 
 9866.250232 
 9866.743300 
 9867.236367 
 9867.739960 
 9868.233027 
 9868.726094 
 9869.229688 
 9869.722755 
 9870.215822 
 9870.719416 
 9871.212483 
 9871.705550 
 9872.209144 
 9872.702211 
 9873.195278 
 9873.698871 
 9874.191938 
 9874.685006 
 9875.188599 
 9875.681666 
 9876.174733 
 9876.678327 
 9877.171394 
 9877.664461 
 9878.168055 
 9878.661122 
 9879.154189 
 9987.411250 
 9987.904317 
 9988.407910 
 9988.900977 
 9989.394044 
 9989.897638 
 9990.390705 
 9990.883772 
 9991.387366 
 9991.880433 
 9992.373500 
 9992.877094 
 9993.370161 
 9993.863228 
 9994.366821 
 9994.859888 
 9995.352956 
 9995.856549 
 9996.349616 
 9996.842683 
 9997.346277 
 9997.839344 
 9998.332411 
 9998.836005 
 9999.329072 
 9999.822139 
 10000.325732 
 10000.818800 
 10001.311867 
 10001.815460 
 10002.308527 
 10002.801594 
 10003.305188 
 10003.798255 
 10004.291322 
 10004.794916 
 10005.287983 
 10005.781050 
 10006.284644 
 10006.777711 
 10007.270778 
 10007.774371 
 10008.267438 
 10008.760506 
 10009.264099 
 10009.757166 
 10010.250233 
 10010.753827 
 10011.246894 
 10011.739961 
 10012.243555 
 10012.736622 
 10013.229689 
 10013.733282 
 10014.226350 
 10014.719417 
 10015.223010 
 10015.716077 
 10016.209144 
 10016.712738 
 10017.205805 
 10017.698872 
 10018.202466 
 10018.695533 
 10019.188600 
 10019.692194 
 10020.185261 
 10020.678328 
 10021.181921 
 10021.674988 
 10022.168056 
 10022.671649 
 10023.164716 
 10023.657783 
 10024.161377 
 10024.654444 
 10025.147511 
 10025.651105 
 10026.144172 
 10026.637239 
 10027.140832 
 10027.633900 
 10028.126967 
 10028.630560 
 10029.123627 
 10029.616694 
 10030.120288 
 10030.613355 
 10031.106422 
 10031.610016 
 10032.103083 
 10032.596150 
 10033.099744 
 10033.592811 
 10034.085878 
 10034.589471 
 10035.082538 
 10035.575606 
 10036.079199 
 10036.572266 
 10037.065333 
 10037.568927 
 10038.061994 
 10038.555061 
 10039.058655 
 10039.551722 
 10040.044789 
 10040.548382 
 10041.041450 
 10041.534517 
 10042.038110 
 10042.531177 
 10043.024244 
 10043.527838 
 10044.020905 
 10044.513972 
 10045.017566 
 10045.510633 
 10046.003700 
 10046.507294 
 10047.000361 
 10047.493428 
 10047.997021 
 10048.490088 
 10048.983156 
 10049.486749 
 10049.979816 
 10050.472883 
 10050.976477 
 10051.469544 
 10051.962611 
 10052.466205 
 10052.959272 
 10053.452339 
 10053.955932 
 10054.449000 
 10054.942067 
 10055.445660 
 10055.938727 
 10056.431794 
 10056.935388 
 10057.428455 
 10057.921522 
 10058.425116 
 10058.918183 
